TIME MEM VIRT RES SHR CPU FREE SWAP
0:00.16 0:00.16 224600 5144 3036 99.9 93.4 78.4
0:01.72 0:01.72 244400 25208 3036 93.8 112.5 78.4
0:03.29 0:03.29 262220 42896 3036 99.9 129.7 78.4
0:04.85 0:04.85 278192 58736 3036 99.9 145.5 78.4
0:06.39 0:06.39 293108 73784 3036 94.1 159.9 78.4
0:07.95 0:07.95 308816 89360 3036 94.1 175.3 78.4
0:09.52 0:09.52 326108 106784 3036 93.3 192.7 78.4
0:11.07 0:11.07 343532 124208 3036 88.2 209.7 78.4
0:12.61 0:12.61 359372 140048 3036 93.8 225.1 78.4
0:14.15 0:14.15 374816 155360 3036 99.9 240.1 78.4
0:15.69 0:15.69 388280 168824 3036 88.2 252.9 78.4
0:17.25 0:17.25 404516 185192 3036 94.1 269.0 78.4
0:18.78 0:18.78 420488 201032 3036 88.2 284.6 78.4
0:20.31 0:20.31 436592 217136 3036 88.2 300.6 78.4
0:21.87 0:21.87 452696 233240 3036 94.1 316.3 78.4
0:23.44 0:23.44 470252 250928 3036 94.1 333.5 78.4
0:25.00 0:25.00 488204 268880 3036 99.9 351.2 78.4
0:26.54 0:26.54 505232 285776 3036 99.9 368.1 78.4
0:28.13 0:28.13 525296 305840 3036 94.1 387.5 78.4
0:29.70 0:29.70 543908 324584 3036 88.9 407.7 78.9
0:31.72 0:31.72 568460 346576 2828 91.3 427.6 99.0
0:34.37 0:34.37 596576 345096 2348 83.3 423.4 112.5
0:35.89 0:35.89 612152 346252 2348 93.3 424.8 127.7
0:37.56 0:37.56 629840 348032 2348 90.0 425.5 143.7
0:39.11 0:39.11 645812 345772 2348 99.9 425.2 159.5
0:40.64 0:40.64 661652 349340 2348 93.8 423.5 179.0
0:42.17 0:42.17 677360 347484 2348 88.9 426.1 190.2
0:43.80 0:43.80 694784 349996 2348 93.8 427.6 210.2
0:45.34 0:45.34 711944 345968 2348 86.7 425.1 224.7
0:46.87 0:46.87 727916 344092 2348 86.7 424.0 242.7
0:48.51 0:48.51 744152 344112 2348 93.3 422.5 259.5
0:50.03 0:50.03 761180 344112 2348 82.4 426.6 279.2
0:51.58 0:51.58 779528 342056 2348 87.5 425.0 293.7
0:53.30 0:53.30 800516 346624 2348 99.9 426.1 313.7
0:54.84 0:54.84 820976 348384 2348 99.9 424.6 332.2
0:56.53 0:56.53 841040 346540 2348 93.3 426.8 359.2
0:58.13 0:58.13 860840 345796 2348 94.4 426.4 371.7
0:59.66 0:59.66 877868 351004 2348 99.9 428.4 385.2
1:01.17 1:01.17 894500 346524 2348 94.4 428.0 404.7
1:02.80 1:02.80 909680 349712 2348 93.8 428.4 414.5
1:04.39 1:04.39 924332 349088 2348 89.5 427.2 433.7
1:05.91 1:05.91 942548 342868 2348 93.3 425.5 450.2
1:07.58 1:07.58 962348 346592 2348 93.3 428.4 470.1
1:09.23 1:09.23 982676 347828 2348 99.9 425.1 489.7
1:10.81 1:10.81 1001156 346796 2348 88.2 428.7 512.5
1:12.38 1:12.38 1019768 350052 2348 93.3 432.2 521.7
1:13.95 1:13.95 1034024 347304 2348 99.9 429.9 543.8
1:15.48 1:15.48 1051448 349348 2348 87.5 426.9 555.0
1:17.12 1:17.12 1069928 350388 2348 99.9 429.5 573.9
1:18.72 1:18.72 1088804 347932 2348 88.9 427.6 592.7
1:20.24 1:20.24 1105964 350216 2348 88.2 427.7 608.3
1:21.89 1:21.89 1125500 347316 2348 87.5 427.6 627.2
1:23.51 1:23.51 1144112 349868 2348 89.5 428.2 645.5
1:25.00 1:25.00 1156520 346436 2348 87.5 430.5 655.5
1:26.51 1:26.51 1170908 350568 2348 88.2 428.9 672.3
1:28.15 1:28.15 1184108 346552 2348 93.8 428.8 682.6
1:29.64 1:29.64 1193084 346076 2348 72.2 428.1 691.6
1:31.12 1:31.12 1201136 348024 2348 84.2 427.0 701.7
1:33.16 1:33.16 1223840 347872 2216 87.1 425.5 738.8
1:35.24 1:35.24 1248788 339952 2216 82.4 423.3 753.4
1:37.09 1:37.09 1271228 350304 2216 99.9 429.3 770.0
1:38.67 1:38.67 1290236 347708 2200 99.9 428.8 792.9
1:40.24 1:40.24 1307000 351028 2200 99.9 427.8 805.0
1:41.81 1:41.81 1324688 348892 2200 93.3 429.2 820.0
87.8 79.2
87.9 79.2
87.9 79.2
87.9 79.2
87.9 79.2
87.9 79.2
87.9 79.2
87.9 79.2
87.9 79.2
87.9 79.2
87.9 79.2
88.0 79.2
87.9 79.2
88.0 79.2
87.9 79.2
88.0 79.2
87.9 79.2
88.0 79.2
88.0 79.2
87.9 79.2
87.9 79.2
87.9 79.2
87.9 79.2
87.9 79.2
87.9 79.2
87.9 79.2
87.9 79.2
87.9 79.2
87.9 79.2
87.9 79.2
87.9 79.2
87.9 79.2
87.9 79.2
87.9 79.2
88.0 79.2
87.9 79.2
87.9 79.2
87.9 79.2
87.9 79.2
87.9 79.2
87.9 79.2
87.9 79.2
87.9 79.2
87.9 79.2
87.9 79.2
87.9 79.2
87.9 79.2
87.9 79.2
87.9 79.2
87.9 79.2
87.9 79.2
87.9 79.2
87.9 79.2
88.0 79.2
88.0 79.2
88.1 79.2
88.0 79.2
88.0 79.2
88.0 79.2
88.0 79.2
88.0 79.2
88.0 79.2
88.1 79.2
88.1 79.2
88.1 79.2
88.1 79.2
88.1 79.2
88.1 79.2
88.0 79.2
88.0 79.2
88.0 79.2
88.0 79.2
88.1 79.2
88.1 79.2
88.1 79.2
88.1 79.2
88.1 79.2
88.1 79.2
102.1 78.5
90.9 77.5
90.9 77.5
90.9 77.5
90.9 77.5
90.9 77.5
90.9 77.5
90.9 77.5
90.9 77.5
90.9 77.5
90.9 77.5
90.9 77.5
90.9 77.5
90.9 77.5
90.9 77.5
90.9 77.5
90.9 77.5
90.9 77.5
90.9 77.5
90.9 77.5
90.9 77.5
90.9 77.5
90.9 77.5
90.9 77.5
90.9 77.5
90.9 77.5
90.9 77.5
90.9 77.5
90.9 77.5
90.9 77.5
90.9 77.5
90.9 77.5
90.9 77.5
90.9 77.5
90.9 77.5
90.9 77.5
90.9 77.5
91.0 77.5
90.9 77.5
90.9 77.5
90.9 77.5
90.9 77.5
91.0 77.5
90.9 77.5
90.9 77.5
91.0 77.5
90.9 77.5
90.9 77.5
90.9 77.5
90.9 77.5
90.9 77.5
90.9 77.5
91.0 77.5
90.9 77.5
90.9 77.5
90.9 77.5
90.9 77.5
90.9 77.5
90.9 77.5
91.0 77.5
90.9 77.5
90.9 77.5
91.0 77.5
91.0 77.5
91.0 77.5
91.0 77.5
91.0 77.5
90.9 77.5
90.9 77.5
90.9 77.5
90.9 77.5
91.0 77.5
91.0 77.5
91.0 77.5
91.0 77.5
91.0 77.5
91.0 77.5
91.0 77.5
91.0 77.5
91.0 77.5
91.0 77.5
91.0 77.5
91.0 77.5
91.0 77.5
91.0 77.5
91.0 77.5
91.0 77.5
91.0 77.5
91.0 77.5
91.0 77.5
91.0 77.5
91.0 77.5
91.0 77.5
91.0 77.5
90.9 77.5
91.0 77.5
91.0 77.5
91.0 77.5
91.0 77.5
91.0 77.5
91.0 77.5
91.0 77.5
91.0 77.5
90.9 77.5
90.8 77.5
90.8 77.5
90.9 77.5
90.8 77.5
90.8 77.5
90.8 77.5
90.8 77.5
90.8 77.5
90.8 77.5
90.8 77.5
90.9 77.5
90.9 77.5
90.8 77.5
90.8 77.5
90.8 77.5
90.8 77.5
90.9 77.5
90.8 77.5
90.8 77.5
90.8 77.5
90.8 77.5
90.9 77.5
90.8 77.5
90.8 77.5
90.8 77.5
90.8 77.5
90.8 77.5
90.8 77.5
90.8 77.5
90.8 77.5
90.9 77.5
90.9 77.5
90.8 77.5
90.8 77.5
90.9 77.5
90.8 77.5
90.8 77.5
90.9 77.5
90.8 77.5
90.9 77.5
90.8 77.5
90.9 77.5
90.8 77.5
90.8 77.5
90.8 77.5
90.9 77.5
90.8 77.5
90.8 77.5
90.8 77.5
90.8 77.5
90.9 77.5
90.8 77.5
90.8 77.5
90.8 77.5
90.8 77.5
90.8 77.5
90.8 77.5
90.8 77.5
90.8 77.5
90.8 77.5
90.8 77.5
90.9 77.5
90.8 77.5
90.9 77.5
90.8 77.5
90.9 77.5
90.9 77.5
90.8 77.5
90.9 77.5
90.8 77.5
90.9 77.5
90.9 77.5
90.9 77.5
90.9 77.5
90.9 77.5
90.9 77.5
90.9 77.5
90.9 77.5
90.9 77.5
90.9 77.5
90.9 77.5
90.9 77.5
90.9 77.5
90.9 77.5
90.9 77.5
90.9 77.5
90.9 77.5
90.9 77.5
90.9 77.5
90.9 77.5
90.9 77.5
90.9 77.5
90.9 77.5
90.9 77.5
90.9 77.5
91.0 77.5
91.0 77.5
90.9 77.5
91.0 77.5
91.0 77.5
90.9 77.5
90.9 77.5
90.9 77.5
91.0 77.5
91.0 77.5
91.0 77.5
91.0 77.5
90.9 77.5
91.0 77.5
91.0 77.5
91.0 77.5
91.0 77.5
91.0 77.5
91.0 77.5
90.9 77.5
91.0 77.5
91.0 77.5
90.9 77.5
91.0 77.5
91.0 77.5
91.0 77.5
91.0 77.5
91.0 77.5
91.0 77.5
91.0 77.5
91.0 77.5
91.0 77.5
91.0 77.5
91.0 77.5
91.0 77.5
91.0 77.5
91.0 77.5
91.0 77.5
91.0 77.5
91.0 77.5
91.0 77.5
91.0 77.5
91.0 77.5
91.0 77.5
91.0 77.5
91.0 77.5
91.0 77.5
91.0 77.5
91.0 77.5
91.0 77.5
91.0 77.5
91.0 77.5
91.0 77.5
91.0 77.5
91.0 77.5
91.0 77.5
91.0 77.5
91.0 77.5
91.0 77.5
91.0 77.5
91.0 77.5
91.0 77.5
91.0 77.5
91.0 77.5
91.0 77.5
91.0 77.5
91.0 77.5
91.0 77.5
91.0 77.5
91.0 77.5
91.0 77.5
91.0 77.5
91.0 77.5
91.0 77.5
91.0 77.5
91.0 77.5
91.0 77.5
91.0 77.5
91.0 77.5
91.0 77.5
91.0 77.5
91.0 77.5
91.0 77.5
91.0 77.5
91.0 77.5
91.0 77.5
91.0 77.5
90.9 77.5
90.9 77.5
90.9 77.5
90.9 77.5
90.9 77.5
90.9 77.5
91.0 77.5
90.9 77.5
90.9 77.5
90.9 77.5
90.9 77.5
90.9 77.5
90.9 77.5
90.9 77.5
90.9 77.5
90.9 77.5
90.9 77.5
91.0 77.5
90.9 77.5
90.9 77.5
90.9 77.5
90.9 77.5
90.9 77.5
90.9 77.5
90.9 77.5
90.9 77.5
90.9 77.5
90.9 77.5
90.9 77.5
91.0 77.5
91.0 77.5
90.9 77.5
90.9 77.5
91.0 77.5
90.9 77.5
91.0 77.5
90.9 77.5
90.9 77.5
90.9 77.5
90.9 77.5
90.9 77.5
90.9 77.5
90.9 77.5
90.9 77.5
90.9 77.5
90.9 77.5
90.9 77.5
91.0 77.5
91.0 77.5
90.9 77.5
91.0 77.5
91.0 77.5
90.9 77.5
90.9 77.5
90.9 77.5
90.9 77.5
90.9 77.5
90.9 77.5
90.9 77.5
90.9 77.5
90.9 77.5
90.9 77.5
90.9 77.5
90.9 77.5
90.9 77.5
91.0 77.5
91.0 77.5
90.9 77.5
90.9 77.5
90.9 77.5
90.9 77.5
90.9 77.5
90.9 77.5
90.9 77.5
90.9 77.5
90.9 77.5
91.0 77.5
90.9 77.5
90.9 77.5
90.9 77.5
90.9 77.5
91.0 77.5
90.9 77.5
90.9 77.5
91.0 77.5
90.9 77.5
91.0 77.5
90.9 77.5
90.9 77.5
90.9 77.5
90.9 77.5
90.9 77.5
