1 
2 
3 
4 
5 
6 
7 
8 
9 
10 
11 
12 
13 
15 
16 
17 
18 
19 
20 
21 
22 
23 
24 
25 
26 
27 
28 
29 
30 
33 
47 
140 
141 
142 
143 
144 
146 
442 
444 
445 
446 
447 
450 
451 
457 
515 
524 
558 
559 
648 
674 
728 
730 
731 
756 
757 
764 
769 
770 
771 
772 
773 
774 
775 
776 
798 
800 
808 
809 
810 
829 
830 
833 
835 
836 
841 
842 
843 
844 
850 
852 
863 
866 
867 
869 
885 
894 
895 
1126 
1127 
1128 
1412 
1417 
1423 
8608 
8609 
8610 
8611 
8612 
8613 
before_minute.log 
1 
2 
3 
4 
5 
6 
7 
8 
9 
10 
11 
12 
13 
15 
16 
17 
18 
19 
20 
21 
22 
23 
24 
25 
26 
27 
28 
29 
30 
33 
47 
140 
141 
142 
143 
144 
146 
442 
444 
445 
446 
447 
450 
451 
457 
515 
524 
558 
559 
648 
674 
728 
730 
731 
756 
757 
764 
769 
770 
771 
772 
773 
774 
775 
776 
798 
800 
808 
809 
810 
829 
830 
833 
835 
836 
841 
842 
843 
844 
850 
852 
863 
866 
867 
869 
885 
894 
895 
1126 
1127 
1128 
1412 
1417 
1423 
8608 
8609 
8610 
8611 
8612 
8613 
after_mintute.log 
